7.679804496827629112e-01 -1.408792385538835124e-01
-5.572792942424169560e-01 1.053866977925059789e-01
-6.040224067642907535e-01 8.192284165788548123e-01
-8.557606980085408210e-01 -1.891601167832630548e-01
7.950760573316895119e-03 -1.567142832422541154e-01
6.887193611545048277e-01 -9.517048914731187637e-01
-5.451790952844426386e-03 6.668369279227781554e-01
5.901268040230847056e-01 -9.074326401062182690e-01
-8.124877670618939618e-01 -1.091189452362177903e-01
5.883355231813576225e-01 -6.633623995064144019e-01
-8.492928074142995776e-01 -9.602390258079296359e-01
4.732721086559534829e-01 1.354673099926955171e-01
-9.645218620698634560e-01 7.858820409973799048e-01
3.842459835573024396e-01 -6.624734535625074194e-01
3.185391972637559022e-01 8.362241058675754513e-01
-1.086724700662193843e-01 -1.692013034975521357e-01
6.313993846055419024e-01 -5.307022414228483864e-01
-1.157131796566901460e-01 -5.356587917858424142e-01
-8.073289739005697907e-01 -8.232880992447804136e-01
1.158070082560911374e-01 6.920716347179640682e-01
-7.456626496443898855e-01 1.958022285713743038e-01
-5.427332869005656590e-01 -2.141571385688909590e-01
-2.501911807980181646e-01 -4.989140070109072678e-01
-5.018741385748568540e-01 -7.345781732423743993e-01
5.110276524606189863e-01 -2.524805477968938838e-02
9.344069864663819835e-01 3.036329843722862520e-02
8.317531916358373856e-01 7.081370719251751655e-01
-6.113866758462593864e-02 8.029681324024251499e-01
7.594783255163053415e-01 9.268133406596834600e-01
8.276415318050658332e-01 -8.607634338756626757e-01
6.930866665177550789e-01 -9.492813687135734924e-01
9.150272336575329124e-01 -8.887505081853559474e-01
-3.422949948283118271e-01 3.248663339054673749e-01
2.986790256360205564e-01 -6.132700383123856902e-01
8.416825475240774512e-01 -2.366307009519659221e-01
-4.907544608417069298e-02 -5.207024084180473800e-01
4.189728052482311060e-01 1.867544806291099313e-02
2.138760401726791383e-01 7.761243200473144643e-01
9.836495653854413490e-01 -9.417502456296622526e-01
-2.720245206526719084e-01 -2.200837204502448241e-01
-1.936042492640508428e-01 -3.307297249341432099e-01
9.924678459910307726e-01 -5.122702670085088617e-01
-9.986914194597430594e+01 -1.464013787204906976e+02
3.982200594843783303e-01 5.246917024341231084e-01
-2.937138999504207426e-01 -7.858925612734588562e-01
9.411739261224938424e-02 5.828982673973632789e-01
6.423255533210050494e-01 -3.497040747442543562e-01
-5.132070576761726954e-02 7.909851295943439720e-01
-4.186793846570509459e+02 -3.648298305039128877e+02
-3.693134586293433586e+02 -3.691885627137993993e+02
-2.526467513436753336e+02 -9.955396314657366474e+01
8.791423986818474035e-01 2.249050478367116135e-01
-1.256326406883689906e-02 -2.121703954853826346e-01
4.128962938365359214e-01 -5.072669923885775312e-01
-3.422995054401434913e+02 -3.650624048004988822e+02
-2.770016304698428939e+02 -1.941562951089944420e+02
-2.187429290369338730e+02 -1.879741925240992089e+02
-3.605028789513545462e+02 -4.037060662869228054e+02
8.351239726586974221e-01 2.671834165958988372e-01
-6.290565294696914833e-01 -9.071761650971867930e-01
7.507913295941834875e-01 -1.425328617853978130e-01
-1.937953473055633538e+02 -9.914487214857334152e+01
-9.235941496308597287e-02 9.670947357722328164e-01
-4.078162925260617158e+02 -4.506030527600904065e+02
-4.064297408960633788e+02 -3.604950612760912918e+02
-1.942276466144958249e+02 -2.837257306467368494e+02
-6.240669895424979519e-01 2.289260465943989686e-01
-1.809472690011053597e-01 -9.888134036478254529e+01
-1.410756064197973281e-01 8.142276705498605605e-01
-9.917932970686685223e+01 -9.998746608205806297e+01
-2.506290190622763134e+02 -5.096940264292342135e+02
-4.094482970116424667e+02 -4.200899037865896162e+02
2.463217453198185414e-01 -8.386201558804535772e-01
-3.906495665964695441e-01 -9.138386236934741280e-01
2.243763093755850591e-01 -8.287825060104880848e-02
4.078342993613857104e-01 1.751346059086897888e-01
-7.135898551178934124e-01 -7.660180871611586007e-01
9.659770733239636531e-01 6.052155037523272441e-01
-9.262788706119420290e-01 2.342535644745663781e+00
-7.673404563363011022e-01 3.112300778455758810e-01
-7.127869421325521149e-01 -9.699805018781129107e-01
-6.122756777444913201e-01 -7.256281846218515241e-03
9.226078643536514967e-01 -5.033504164492648147e-01
-4.034949155683540400e-01 4.178901414924385271e-02
-2.081106954234958835e+02 -1.549983559198864782e+02
3.656614153012160973e+00 -4.914287678314347119e+01
-1.459036221337007611e+01 -1.352577654373581417e+01
6.261933294282149287e-01 7.951034397701490786e-01
-7.960260460662114124e-01 -9.354470207811667049e-01
-1.078863834508290154e-01 3.334858427508191614e-01
-2.237588401076039304e+02 -9.208128660624059592e+01
-5.790578781624725835e+00 -5.040599910633607550e+01
-1.369718678345245166e+02 -9.986852193674405953e+01
-2.074861528794808052e+01 -1.460547419251726637e+02
-9.975404628693222975e-01 4.021584334771066693e-01
-5.416196404769428874e-01 -6.087828855376005155e-01
-1.323593365896293950e-01 -7.778379485032644869e-01
-1.229272185792824601e+01 -1.423439721615331450e+02
-8.579492479591024789e+00 -9.921919456369266754e+01
-2.272018151574110334e+02 -3.422698211884792272e+02
-1.373660582676226056e+02 -1.165694707401836752e+02
-9.422740058332399471e+00 -1.145468368081281483e+02
-5.214042264402942717e-01 1.394853805855795770e-01
-2.785195946073468765e-01 1.479436173736075943e+00
2.350697412256828045e-01 1.935891822564300035e+00
-1.028296733016863485e+01 -1.580497831125952928e+02
-1.294042164215243247e+02 -1.434676036978328852e+02
-1.208051336647517786e+02 -2.436625622774530484e+02
-4.335709272481327314e-01 -7.322301234765520306e-01
4.618995893059913982e-01 -1.582691846349391085e-01
-3.101413247684161600e-01 -1.298810408494983637e-01
3.106076105694899336e-01 4.727856248411155260e-01
-8.770846183660396811e-02 -9.903978006076423757e-01
2.868867406554782562e-01 6.901406916463947994e-01
3.991605496589778479e-01 2.910435134756450548e-01
5.955266783268096109e-01 -2.271027247789110248e-01
1.106037501528043254e-01 -7.822922771339793080e-01
3.325114198928251774e-01 7.993149389613807276e-01
-7.572429129097120182e-01 -6.695688878448604608e-01
9.122555439318578152e-01 -2.609387352816128214e-02
-8.726823262881269194e-01 -2.216004217075770910e+01
-8.061691770852661421e-01 4.111295687380758679e+00
1.676027962173445296e-01 -7.520560243188998406e-01
8.650300458704762718e-02 4.859917293146127637e-01
3.425831167091122342e-01 -2.987516136850396631e-01
8.208765769612766938e-01 1.734790725098251940e-01
-1.685247045954914036e-01 -7.441427022240643119e-02
5.154070712535503418e+00 -3.659808027412479792e+00
2.155479792660148775e-01 -8.788978703383659719e-01
-4.012312993164879327e-01 -8.885212712700421012e-01
5.306698590573182273e-01 2.116428714775413500e-01
-9.113127669731320157e-01 -3.818066858992219537e-02
5.830298764203831752e-01 8.708643277104235469e-01
-5.515258405279893417e+00 -2.065298027402024061e+01
-1.229328354642433840e-01 2.488406700792635373e+00
-2.094709955521256717e-02 1.664899361144794199e+00
-1.597447049394698304e+01 -1.936618191362632757e+01
-8.551620692482957420e-01 -9.302752482773462361e+01
-5.749128073174720743e-01 6.624386250912031038e-01
8.973798444776703853e-02 -9.193844906317067966e-01
1.311829878029409313e+00 -1.147780936203035562e-01
-9.996367166257269332e+01 -3.448927767354933138e+01
-4.810425904140357289e+01 -7.852876064822022784e+01
-1.333099052869166030e+02 -1.534682203959771414e+02
5.119525696350286648e-01 -9.354968822023290720e-01
-1.875172209374291743e-01 9.604711454348018318e-01
-6.616766818799202365e-01 -2.578911769554945721e-01
7.885572621557062067e-01 -3.267954778054629195e-01
-5.650980565129462008e-01 -5.672628560345562843e-01
-2.623758070961628164e-01 -6.554642915836899064e-01
-8.405280373071963851e-01 6.902815910122450660e-01
-7.654924720814846317e-01 9.299892900793045314e-01
-7.580576739099686989e-01 -6.982078202913906129e-01
1.717169902127557712e-01 -2.293816088879285786e-01
1.261702605198726790e-01 8.234045755954362278e-01
-5.086693157179040803e-01 -3.757344783031280055e-01
-1.018374516581677103e-01 7.966135975205241859e-01
-2.388107321287695761e-01 7.138914660921829025e-01
-7.394434887238563459e-01 4.043224780997525247e-01
3.388737558711156783e-01 -9.079314044007029683e-01
-6.020928747306442119e-01 -3.449125894339459819e-01
-7.702376412633960001e-02 -6.318822682391844747e-01
6.500978395763050699e-01 -8.072581995891070505e-01
6.321958311562425603e-01 -5.056181896346971794e-01
7.819379905866550295e-01 1.473481776904590479e-01
-5.724849466567325518e-01 -1.739518627623883873e-01
-4.238442000488071848e-01 -1.358074643784457081e-03
-1.967624412076067753e-01 5.721582101102338225e-01
5.435703097724633448e-01 -5.788589741557008672e-01
5.383199818879462750e-01 4.095692524075629226e-01
5.875740512419345141e-01 8.732657395395879707e-01
-5.621231741091325951e-02 -9.715515664850742361e-01
-6.078698910179849424e-01 -2.194660378954429447e-01
1.438244807045749862e-01 4.092293376544717809e-01
7.961267062079795398e-01 4.095805333625257560e-02
8.791732094118520635e-01 2.851002435346372543e-02
3.526474269153359042e-01 -1.856712392707950965e-01
4.695440615385026994e-01 -5.096778850662526672e-01
1.384975084574864290e-01 -2.823093341019526914e-01
8.349605083484072932e-01 -5.507301013370013987e-01
6.628036457553647676e-01 -4.146556732069504037e-01
-7.753993195746533562e-01 2.086202038333988540e-01
-1.412855183229020373e-01 6.802259327344146733e-01
-2.574035905601945728e-02 -6.160849134916608349e-01
-6.315632865648079797e-01 -2.953637799389619012e-01
-4.678305723557203422e-01 -7.478873863762833807e-01
1.791752260228931526e-01 -6.068751399920018219e-01
-9.884636031104225840e-01 -3.798366502188046390e-01
7.587918538112301547e-01 -5.080910481859106653e-01
7.964794350654118560e-01 -7.582755550067665773e-02
4.577589898059446494e-01 -2.195142702871406559e-01
-7.952243254044901732e-01 -6.383330332138204000e-01
7.600743088346018084e-03 8.125996747666801578e-01
2.654043162812884660e-01 4.840575161668874138e-01
-2.445691033528420988e-01 9.074011442917702119e-01
6.038286833753543359e-01 -1.141659005914652525e-01
1.006045450360306681e-01 4.108154884348587110e-01
1.958731204847308227e-01 3.694995724049061625e-01
2.626251591951389575e-01 7.354393045170806165e-01
2.698630165077611220e-01 -3.845923390494505600e-01
-8.849408421148563519e-02 -1.001302959076457721e-01
7.429567804451286950e-01 -6.914798978255620732e-02
-2.067336089175391134e-01 -9.974609459570451531e-01
9.830863396190236969e-01 5.281947259566648345e-01
-2.220519285758775219e-01 4.066855352069835838e-01
-7.551813135188276682e-01 -6.316064179118621169e-01
-3.222165224154638352e-01 -6.957790809588806358e-01
-7.284645227883337348e-01 5.580527649523296940e-01
2.634185327608105087e-01 -3.936776451162606882e-01
8.960401550803871462e-01 3.963290287201248763e-01
-1.326730129790365531e-01 -2.191897880770667939e-01
-6.738355698431788277e-01 -9.947196130247211165e-01
2.133040619585493403e-01 5.015116453154471188e-01
-4.230536871251298070e-01 -4.003760665207849456e-01
9.447887199588691498e-01 6.996334498254768164e-01
4.135131749792668732e-01 7.914666503851996993e-01
-2.447614418767227740e-01 7.409712532778531813e-01
9.498829899521965547e-01 6.788380600205319304e-01
5.674015608388791598e-01 8.490102070687897129e-01
-5.896461913571189317e-01 3.000841650751346901e-01
-4.710303700352369560e-02 -3.647249268935137678e-01
-3.312626925108888010e-01 5.724154974392325901e-01
2.685167616284824810e-01 1.218601082885231168e-01
4.572169070691400883e-01 9.945134276493778902e-01
-9.031956034070895978e-01 -5.297529107767606771e-01
-9.052737777569870303e-01 6.035843289156961333e-02
-2.778676883210984272e-01 -7.327508047802313573e-01
9.040817568803589666e-01 -2.947218385933776386e-01
1.612211967114984823e-02 -5.182045340341083772e-01
1.747801292574564513e-01 -5.964473558214162807e-01
6.266919652346698566e-01 9.203766748031472211e-02
-3.594332961267499016e-02 -8.474261318884395155e-01
-8.437063782508016363e-01 -8.917444175143927065e-01
-9.483052570813184090e-01 4.896728141155493041e-02
4.220334394576492620e-01 4.418389869543801751e-01
5.941738691864606459e-02 9.623686326240803446e-01
2.491807114574438042e-01 -4.577123030506997647e-01
2.303749287474035068e-01 -6.065364395539472042e-01
-5.521118214142926028e-01 8.867791663964654791e-01
-5.834446590682123013e-01 -3.299657574514884839e-01
7.763108370951974369e-01 -7.780852613766455761e-01
9.927875731986564034e-01 4.883983660387329895e-01
-6.708866499557062379e-01 9.741641881203735309e-01
8.926260539944896877e-02 -9.903397377459814965e-01
1.137442030673658788e-01 9.084356642238500257e-01
1.079036927196908024e-01 -8.037621222571278423e-02
3.990497370788346210e-01 6.253181616390879327e-02
-6.964850966063040882e-01 -2.432578881067486432e-01
-8.309091446169203365e-03 -1.315265174891033784e-01
8.630238684041040553e-01 6.902110175108782109e-01
9.243523467182421793e-01 7.155268453547309893e-01
-4.127533736608246517e-01 -7.849530913887934336e-01
-3.027740146547772682e-01 -9.935691626041078806e-01
8.825756739135126594e-02 -6.725526811423927498e-01
-8.888012407164156414e-01 -4.441061751667900737e-01
5.777930903210464209e-01 -2.630834174919838286e-01
-3.744579561515848365e-01 8.679114880883376237e-02
-7.689359016301648975e-01 7.481710201452886899e-01
-1.588570898728223142e+02 -1.173309897865231761e+02
-1.376138175401239607e+02 -2.122587373163726738e+02
-9.807143934522974860e+01 -5.021988093655520569e-01
-2.611969196355377054e-01 -1.835895174162200938e-01
-1.703267716759289119e-01 -8.526983428206680315e-01
-1.740151431255321235e-02 1.951100694251270973e-01
-2.281826683886482385e+02 -4.399984561867595403e+02
-7.911574072454068585e+01 -3.050935024296851452e+02
-3.333358439295410562e+02 -2.618605012610441918e+02
-9.943457455237623321e+01 -8.917241131131135035e-01
-4.008683503588841290e-01 -1.802516893852335045e-01
9.591514055092480451e-01 5.789624732881115676e-01
7.763516826887761901e-02 3.774661235286498329e-01
-1.887211464415501041e+02 -2.121777505130731640e+02
-1.118859104378096276e+02 -1.427383240749604170e+02
-5.117247780225390130e+01 -3.280282015489591458e+02
-9.391051143872457541e-01 -1.224307790360481221e+02
-2.952132640921893199e+02 -2.121133829674514573e+02
-8.011622416318187057e-01 -7.398645335051774463e-01
1.039079105044505846e+00 8.060772988213973367e-01
-1.572115583278459461e-01 8.748606514921597466e-03
-9.920893591106712961e+01 -2.484703724738261315e+02
-4.099335415221449921e+02 -4.111346149141632509e+02
-4.295847140322342739e+02 -3.532169794234412166e+02
4.130256706543011802e-02 2.609876782797770911e-01
-6.476924913692181374e-01 8.662949376289257319e-01
-4.423194839588815430e-01 5.580082405475108587e-01
7.824461783646035062e-01 6.572603283825602105e-01
-1.758417608820249143e+02 -6.180914480079839901e-01
-3.980620379622562268e+02 -2.975898237364623355e+02
6.795785151702027349e-02 2.228247362085495897e-01
4.450108970802155728e-01 -9.271086198622826569e-01
-1.795705724913532197e-01 2.714920167347312230e-02
2.683139949284516490e-01 -5.736068614787597220e-01
6.524692126367122036e-01 9.719086687384699275e-01
4.679108645076079931e-02 2.718521361283574578e-01
-7.038069807002274558e+01 -1.499390281953344584e+02
-1.585717510482842485e+01 -6.247821352963750030e+01
-1.476840245165174093e-01 4.872720969863648666e-01
3.751247664730734677e-01 6.658848662835623600e-01
8.647279129111649087e-01 1.541553294510762395e-01
-8.218351799813536918e-01 4.142298507419213127e-01
-1.986970412065824121e+01 -2.004382607363526176e+02
-4.611240592204294586e+01 -9.947134061394096705e+01
-8.095496954394656086e+01 -5.730456261477581847e+01
-2.535102693378696870e-01 5.235202433377665887e-01
4.524007887160630403e-01 4.703717728069125581e-01
-9.290037573861662512e-01 -8.136595365466330332e-01
-1.993719697369617805e+01 -1.077142390641246266e+02
4.123050361660610008e+00 -6.813192383175620925e+00
9.999999999999978684e+00 -5.470627164600795567e+01
9.999999999999978684e+00 -6.250283712013288095e+01
9.420717074158270421e+00 -9.595974385948917718e-01
-4.774201272815002284e+01 -7.855207343500397599e+01
-6.210106479479713393e-01 6.917656360332631316e-01
-1.115974000092760932e-01 2.650424080364050194e+00
4.779934079354884346e+00 1.160637848241550252e-01
9.998974903626340449e+00 -2.111603872580110419e+01
5.837248819907477682e+00 -2.829221578767464962e+02
-1.297834069108601440e+00 -1.691862137123145544e+02
4.047301390893887074e-01 8.387835797032299201e-01
-5.930829510250752445e-01 -9.695709690785678792e-01
-6.341883085739772330e-01 1.374020048634468250e+00
3.477381598115027117e+00 -9.464308605992801660e-01
-1.565898395084551566e+02 -1.882019018663450254e+02
-8.130075094008255121e+01 -2.207845319784639742e+02
-6.769491199398569581e-01 -3.063064747037715918e-01
-5.057947191971323697e-02 -7.312891005509531972e-01
9.309396993150513833e-01 -1.669020575940867168e-01
-3.553981114230460037e-01 7.483134890805063222e-01
1.990779940179672192e-01 -7.491956603738969545e-01
2.100671694375926268e-01 3.783203688271745690e-01
-7.060260948333983322e+01 -7.557929953124728684e+01
-2.569722962478780204e+01 -3.499303871276122635e+00
8.469875262832680107e-01 -7.315431654343893531e-01
-5.034481551709089064e-01 7.669380463288890670e-01
3.913190753145505685e-01 -5.505959292016915363e-02
-4.383511174266647714e-01 -1.834595834787133839e-01
-1.389639180309436739e+01 -1.082025719030167465e+02
-3.489401062646834362e+01 -4.299026897929521418e+00
6.137451257454037190e+00 -1.613592673781434783e+00
4.733024663686349331e-01 8.669752959303895778e-01
7.992728728666298466e-03 1.534488330092655950e-01
-7.782517997573541457e-01 -4.688519106097863709e-01
-1.291988122898433744e+01 -9.234012775569533460e+01
5.110915906517764284e+00 -2.454479502522170620e+00
9.999999999999978684e+00 6.997821367404641002e+00
9.999999999999978684e+00 7.528079680146912978e+00
9.237710418530410195e+00 -4.863689050142565584e+00
1.512997780256353231e-02 2.231762475368181953e-02
2.258771232194289880e-01 -7.123777921138876312e-01
5.960677214898759679e+00 -7.579629251610990881e-01
1.154397359579680371e+00 7.938533282202856256e+00
9.999386686389550860e+00 -9.633430169135762000e+00
6.679194426569861065e-01 -5.585361160981720019e+01
-1.528106735988628770e+02 -9.900434207904909556e+01
1.796206846471897212e-01 8.569193270657924355e-01
-3.962260808799813461e-01 1.906413472454742131e-01
3.104035955596325280e+00 -9.611323695005382639e-01
7.128645277524406687e+00 2.195140600359280825e+00
-2.012817460938278558e+01 -3.299651455179807158e+01
-1.342739203188973249e+02 -1.502656878368987634e+02
9.122892368129538188e-01 9.747886929148121826e-01
-3.976621436909109075e-01 4.684941120636931799e-02
3.109166014985846882e-01 -4.471442946398540563e-02
1.989808463109952186e-01 7.611812847431740359e-01
5.390582226384683651e-01 7.712446243768322773e-02
-9.559675710963668749e-01 -6.890660371405701312e-01
-6.698921165506417363e-01 -8.207138576947827779e-01
-4.250726679328677982e-01 -4.740116389993842549e-01
-9.022140252198338484e-01 -1.604681478561635899e-01
-8.721732965465966991e-02 -7.342264655752481772e-01
2.169417612938966400e-01 6.649224546929686230e-01
-3.334165929383188232e-01 -6.630512379374704501e-01
-8.975681918421618555e-02 -3.488807824278743475e-01
1.257552217393682614e-01 7.551857512396260574e-01
-6.463983686831564768e-01 -7.028524251617960239e-01
-7.951226818055323609e-01 -3.920996219230765689e-01
3.847933230029076945e-01 -1.781845429469350872e-01
-8.618279092106604367e-01 9.906805810483731989e-02
-3.384655210944236270e-01 1.678495659191110878e+00
-3.211141320997603632e-01 8.966217801541695565e+00
-4.129393032296528876e-01 7.388533480116923791e+00
-2.121692018252436807e-01 -9.495995653302022887e-01
-9.845486846473809894e-01 4.561588812759571621e-01
1.872900239278507684e-01 -6.354117374640673166e-01
4.024842614739176483e+00 1.299329468343106697e-01
-7.191071207827430811e-01 4.579183772590726953e+00
-8.523796615698153722e-02 2.126446909117083006e+00
1.826092308926572372e-01 9.419303355530438182e+00
-8.960860608809831263e+00 2.546472117129176205e+00
-1.789653865486644690e+01 -3.638313814253300649e+01
6.109426657300960350e-01 7.056258837896671743e-01
-7.768738182410135362e-01 3.455889702102794558e-01
2.955936547486872623e-01 -7.219765265657747122e-01
-1.103524317681334743e-01 2.178532324333395387e-01
-5.911293320670974794e+00 -4.255438907339455312e+01
-1.882158374478916585e+01 -2.529989435897866201e+01
-3.469103345655111248e-02 -2.757126766882525004e-01
2.323448781902177629e-01 6.868317564453030322e-02
5.646172646995790689e-01 -9.243724038233791518e-02
-2.544594826473660643e-01 7.346162081221900841e-01
-9.527085181665002622e-01 -6.858717031096284167e-02
-5.116922157077916644e-01 -3.715582247369166868e-01
-9.983953156811975482e-02 1.264451094751743998e-01
7.013601796811641531e-01 -3.761570486805492219e-01
-6.770978017838333862e-01 5.499607493392997259e-01
5.418073899911113323e-01 -6.331265168164001977e-02
-7.597983987584688848e-02 -7.696537270262555630e-01
-1.591745421000481109e-01 -1.484549699070671913e-01
-3.525898263351510131e-01 -2.374977705245868709e-01
1.596318923168280612e-01 5.158554382669500171e-02
-7.241723738562122481e-01 -8.805237803996956991e-02
7.544747401519553698e-01 -4.177562346256491477e-01
6.423069210289318320e-01 -5.028695348168132906e-01
4.598760739414939902e-01 3.410110967150488115e-01
-9.427732311671608301e-01 2.708892516281888874e-01
-3.582740160994026812e-01 -7.832034512774637136e-01
8.368815745194302380e-01 1.556607899236437387e-01
1.921781902338686177e-01 -1.732239655087588481e-01
-4.545445496063984514e-01 5.815486684677522167e-01
3.193648417809245021e-01 9.555468233825565871e-01
2.758815181579294951e-01 8.652874953246803003e-02
2.357426248633034405e-01 -5.034410026869764465e-01
-8.610257235118399244e-01 2.607346298537864815e-01
-8.558372960250799633e-01 -9.097771763082156404e-01
2.973454855551265208e-01 -1.173973345429468740e-01
-2.646727585643162683e-01 -6.045112702484261025e-01
-7.487084402808201755e-01 -3.923348220841573752e-01
7.855018101071080672e-01 8.826102177136410099e-01
3.039103511477589947e-01 2.654629314607315216e-02
4.246286303257067463e-01 -9.937297955000092831e-01
-2.773321627190941108e-01 -5.508165466247130215e-01
4.935018427330191138e-01 3.820373161273800111e-01
2.702973253159264289e-01 -1.382390755925926307e-01
-8.932834365158834888e-01 1.682686873021277396e-01
-8.070745553458058552e-02 7.041795877131040715e-01
-8.058501737464023318e-01 -5.927617158322151525e-02
-5.273622858137683167e-01 -9.223562398176636812e-01
-1.559266938495094124e-01 8.035554564407694222e-01
-2.086387401304825584e-01 -2.874691312007229271e-01
2.067386038358407507e-01 6.495843793088118545e-01
1.281217156561085257e-01 9.488109827125703610e-01
8.931380068047027887e-01 -2.257707299894717856e-02
-4.935931004143379042e-02 -7.480840839471580850e-01
7.435654368368345146e-01 -3.260965041514964913e-01
-6.815867947889291401e-01 9.162637606046450944e-01
3.138585901027928227e-01 7.619626607356355663e-01
8.639672260568185269e-01 7.303721389624597826e-01
4.916632673042522494e-01 -8.116492506891748171e-02
8.212465674007343175e-01 -1.468780824420208297e-01
-7.369649950541941053e-01 1.300734984557057050e-01
8.661156887377008395e-02 5.025310767079806951e-01
-5.157985049855733362e-01 -7.201062869564189839e-01
-1.969609248475141516e-01 -4.184277953613362300e-01
-5.983777234931455524e-01 -3.356933779696325004e-02
3.758215059542979741e-01 -5.124247594413156026e-01
-8.892992858553177005e-01 8.467057023533295368e-01
-4.102516979632084837e-01 -9.961321164464509437e-02
3.710687219629074107e-01 9.924848298790422962e-01
7.803667315299400720e-02 3.070291461260301613e-01
-7.244515532859807649e-02 3.239013793663751972e-01
5.212052987374511392e-01 7.236861966327099438e-01
2.074376496448526730e-02 -8.932778234353486724e-01
2.859622381279722791e-01 -9.122539073593507464e-01
8.223891453084293257e-01 -1.893551775320747588e-01
3.236894765529947371e-01 5.711442333149809869e-01
-2.380677532744119862e-01 -2.362758908979907257e-01
-2.275561304466942047e-01 9.132267648672767191e-01
9.394072185036537181e-01 -8.974937099325619450e-02
-8.680964734171892072e-01 -4.351874351102808447e+01
4.749085595867119647e-01 1.043844968396530071e+00
9.909601213601193503e-01 9.384142798592509660e-01
7.974522970954884826e-01 5.583821893050513463e-01
-1.371068338566971967e-01 -5.746041078676245029e-02
-2.281803517244518353e-02 9.861404071002666250e-02
-2.105716954140528969e+02 -1.114600623662966683e+02
-8.657469450191188187e+00 -1.249740199564875809e+02
6.135995134989730815e+00 -4.587402817760317220e+01
-4.849532365082365182e-02 1.620420396589266065e-01
-6.088308831745417038e-01 8.418955193642569945e-01
7.155916773523667285e-01 -9.333560399310691924e-01
-4.745995302900912804e+01 -7.470941873260110810e+01
-1.810066932827504047e+02 -1.708043044838305491e+02
3.379998046546147883e+00 -1.546692834648601149e+02
-6.544449711773406619e+00 -9.828294530851606225e+01
2.191076420019268944e+00 -4.032893634739680522e+01
3.455415444430391947e-01 -4.373135287633731494e-01
-3.724575016122368964e-01 -4.421799372971244591e-01
1.817162644988061793e-01 -6.328845341702321292e+01
7.731136258231066094e-01 -1.195823984854941990e+01
-3.139275992514717117e+01 -2.222423850723916985e+02
-4.748287977122274128e+01 -1.450231001163394353e+02
-4.762754002672908626e+01 -2.465008772009310860e+02
-4.635138570385139989e-01 6.002882031420830877e-01
9.741591588724718420e-01 1.791121685125924845e-01
1.560198931781200393e-01 -1.847068332173400496e-01
-7.399423573459189551e-01 -3.462713320545758311e-01
3.884357695330391103e+00 -1.329342844542750868e+02
-2.474299490724136206e+02 -1.914844278327927327e+02
-5.784612972653240259e-01 1.796406360556375148e-01
-1.681506580669664963e-01 2.992282757348938560e-01
5.776438336281588537e-01 4.429591104829111448e-01
-1.930479824457722593e-01 1.244003628268579575e-01
2.220035456913724836e-01 -9.492102421497554676e-01
-4.945379642727019132e-01 -4.333174450869111638e+01
-9.873669526521038620e+01 -1.513019570598708583e+02
-3.672472911291586595e-01 4.572298034013162926e+00
2.563190611972414601e-01 -2.092754017803435396e-01
2.066071027304658969e-01 -8.506825718773631806e-01
-5.915741075748996991e-01 9.272037142622389094e-01
-4.146026119217069983e-01 6.504744072841432967e-01
-1.472800998973480944e+02 -1.102609700905669712e+02
-6.791251533287784525e+00 -7.533653176685230335e+01
6.035877829016592422e+00 -3.033428703454902120e+01
5.721352846820404459e-01 6.938298932345436931e-01
-5.773818294901655879e-01 2.342611909573932838e-01
-5.233413067411065711e-01 9.191580294597585521e-01
-1.402758489083143445e+01 -2.165417709139939006e+02
-5.341576075401373203e+01 -7.209257772880163451e+00
9.999999999999978684e+00 -1.038747473132304577e+01
9.999999999999978684e+00 9.683370121070026926e+00
-8.828794867687674852e-01 3.587263250489552746e+00
9.671418554604285234e+00 -1.921974466925766123e+00
4.243080410440592587e+00 -4.686589144425545861e-02
7.415512495695027795e+00 6.562451939489965191e+00
9.999999999999978684e+00 9.892238621705239154e+00
9.999999999999978684e+00 6.911397961112871968e+00
6.572765695074313186e+00 -3.164167645714784527e+01
9.301113290030134095e+00 -1.581740424644083589e+02
-8.088271387740244567e-01 -8.835073478821222626e-01
-6.282065730176189522e-01 4.586762043120385712e+00
4.326602018224731339e+00 -7.442557099736870629e-01
9.999970666261557284e+00 -6.641925397242856910e+00
6.950658949615045046e+00 -2.556205997356726201e+01
-3.403212604713977463e+00 -6.894806851118285351e+01
-8.832262387437173068e-01 7.787503881642856562e-01
3.227375930728704212e-02 -3.299423129642706787e-01
2.300973086193363049e-01 5.474668523595398462e-01
-2.423985622302453624e-01 -6.253226498215156415e-01
-1.166460419687611250e+01 -2.424440790573176940e+01
-2.528595507129089128e+02 -9.407861266935834976e+01
-6.817872895912404640e-01 -6.151677296799182848e-01
9.402733747785247953e-01 2.468824702374576852e-01
-5.498371885298736217e-02 2.311516797465895667e-01
6.865976613983970633e-01 -8.373505154900588998e-01
-8.474417474085840229e-01 -6.493655132003453012e-01
-3.933440685398381653e-02 5.608783819602758403e-01
-1.438739288890662635e+02 -8.300492922049411959e+01
-2.289526766073406705e+01 -1.195161604616514772e+00
4.156397399230316037e-01 9.811783832685653906e+00
8.840259802971983660e-02 -2.408794585532070265e-02
-5.337241811468507180e-02 7.959985213779088298e-01
7.976326371218942501e-01 -6.164306238056098675e-01
-6.042569646976546416e+00 -1.123076144365594473e+02
2.213141989988582914e+00 -1.409249112502988055e+01
9.999999999999978684e+00 8.726538635776982744e+00
6.339860478275867184e-01 9.999999999999978684e+00
4.912677067144843868e-02 -5.164060796657814478e-01
-9.418504520842261307e-01 -3.938869754495799569e-01
-2.417766748080806138e+01 -2.181626861272121687e+01
7.689661041434634470e+00 -4.454307781506816610e-01
9.672961898861865748e+00 9.999999999999978684e+00
6.304416544641551212e+00 9.999999999999978684e+00
-6.655878801609911299e-01 -1.767413130218326467e+00
-9.313637401552675499e+01 -6.799991185883024869e+00
2.493395376396400298e+00 -5.082823747297879891e-01
-1.256544983062548138e+00 7.790512222000794296e+00
5.160734300547717979e-01 4.282876372133678444e+00
-1.154974977301582406e+01 9.998940933849057799e+00
-6.233919528264070919e+01 -3.347643754211783396e+00
-5.917300739608211302e+01 -2.037401170352643476e+02
4.914537147278457141e-01 2.196810992183841904e-01
9.404520203611008711e-01 -5.788105983110436448e-02
2.800988241083739450e-01 -7.528680424189708731e-01
-9.876726300330911368e-01 8.279408198499034199e-01
8.193712690527603648e-01 -2.476711345818695520e+01
-1.062828653310400000e+02 -1.762294407294792791e+02
6.704576568072775355e-01 -3.828588779436445932e-01
-6.367874422731418793e-01 -8.356966231419569180e-01
-7.630915978603245442e-01 1.507903026926322720e-01
7.930501885139131790e-01 9.640308077297721212e-01
1.805153951772264787e-01 5.565254718600625150e-01
5.521516179835890270e-01 6.805236495117239492e-02
-1.886045955829228404e+01 -3.036606394571967904e-01
-9.056259487562803301e-01 6.632062370283953179e-02
-1.802995669579952054e-01 7.934734072850251341e-01
-3.542858826099215541e-02 -4.656356595926500752e-01
4.171932244624876329e-01 7.798833185786622213e-01
2.469841944386608201e-01 7.038831074582896363e-02
-1.716305589236148421e+01 4.286175397130978837e+00
-1.189909420972231402e+00 8.488267771712058263e+00
-1.716670638945778649e-01 1.976635323852685477e+00
7.321625841577228400e-02 6.951776355081786818e-01
8.888566887169557784e-01 8.360901319732065851e-01
5.496820761775533803e-01 -6.998373893724043615e-01
-7.463363323305871599e-01 2.543205006899365905e+00
-1.693413601657054812e+01 9.585246664491407387e+00
1.661379264184283944e-01 5.918168233841402781e+00
-1.192109411797453511e+01 9.184038087937052453e+00
-7.993967650456234253e+00 -5.070831766990098188e-01
-1.087148985751815644e+01 -2.769037503226352559e+00
4.014585010434235102e-02 -1.028933233115592039e-02
5.345287066216910521e-01 7.323538911052503764e+00
-1.361664008017915428e-02 -1.133481360346111355e-01
1.618717613763802632e+00 7.614420523583827816e+00
-3.192617013462149345e+01 -2.041051134879570128e+00
-6.667209488248923321e+01 -3.523574785410770005e+01
-1.212915047141924774e-01 -8.981569573143823870e-01
3.798273156843687826e-01 -2.786796141744261046e-01
4.052216759251332512e-01 -2.888844055288903867e-01
-1.595734033397722129e-01 7.400006652488175796e-01
-3.796555430917888430e+01 -7.453648013547438111e+00
-3.192248029702169632e+01 -1.172903439266492001e+02
3.613298251655576721e-01 7.217724621607277680e-01
6.612498836257429957e-01 -8.501827187687009957e-01
6.370552097588557672e-01 6.139803405481616405e-01
3.728643431282330223e-01 9.419567927770491345e-01
-9.571216377106777085e-01 -1.746571397345642040e-02
-2.088715832087055801e-01 -2.273451178820766749e-01
-6.364982189470209661e-01 4.313226383431425504e-01
4.025410066833103873e-01 -4.687868902444976005e-01
7.071256315254026426e-02 6.089170473131326755e-01
-5.489520586176754868e-02 7.062277309246887125e-01
4.909436530108446384e-02 2.799648000301573347e-01
3.116904019621165034e-01 4.893885454172679506e-01
-8.962075165532026322e-01 -5.700343152621814014e-01
2.177604820784007078e-01 2.073510357568497664e-01
-4.655177142526323308e-02 -3.178787193707859338e-01
-4.437263243703375437e-01 7.487457939754218472e-01
-3.913683267386003362e-01 1.142945410999327560e-01
5.799156282924102790e-01 -5.761421840811147277e-01
-2.549869382752867342e-01 -9.143437975581318877e-01
-4.092359426403484601e-01 1.807871514425138937e-01
-5.379331330770109609e-01 2.346378435259872663e-01
5.076066831130794377e-01 -1.287545112580648077e-01
4.475766494617607894e-01 6.833665764339500459e-01
-3.616426513521888708e-01 -3.566230208614415975e-01
-6.316929158211450623e-01 6.158673616018901509e-01
-2.211944282159539199e-02 -7.037343141072045505e-01
7.108316844579714022e-01 -3.797711318351852938e-01
-6.654596265042656000e-01 -4.473178518301377249e-01
8.965003473179629090e-01 -3.909897898954626250e-01
7.158764227520901802e-01 7.879511702543042784e-01
3.119854521288543125e-01 -3.129650044089078431e-01
8.237689180414211609e-01 -3.955964244746739134e-01
-9.162568818485630207e-01 5.149442384539559825e-01
-9.837173892879935710e-01 -3.351189338642166504e-01
-4.027435096973084327e-01 -4.185536533695444206e-01
-7.870704486282551482e-01 5.618010191562570199e-01
3.234437401889054264e-01 -1.267402056504072227e-01
6.351005096909516645e-01 -9.593682120367656996e-01
-5.622236929321600130e-01 -2.620977670376887225e-01
1.286576838655575372e-01 -6.523675075260033651e-01
7.171758987318286316e-01 3.062842857723337975e-01
1.808811507034728816e-01 7.423638932192968554e-01
1.206119268662442234e-01 -6.401397235928760754e-01
5.675580586058066590e-01 -9.165452057303178357e-01
-9.336770559619944621e-02 8.733018283204385668e-03
-1.342165106753074877e-01 4.524937962909010292e-01
8.143010685446314678e-01 2.962199431686596274e-01
6.723494828908336274e-01 2.734668914980356025e-01
-8.946031012590871523e-01 -2.542232856489379245e-01
-4.803797764613879639e-01 7.162363085056837608e-01
5.191046504033030029e-01 -4.277498914725554879e-01
-6.774925681033825420e-01 5.643914170261703500e-01
9.407027265149847661e-01 -6.696391388618427865e-01
-8.980700018422300701e-01 -6.940185603685748994e-01
-9.489427878619320911e-01 6.954953270510755292e-01
3.013681554827110087e-01 -9.089265671614599196e-01
7.043232128455039209e-01 5.374526915873025779e-01
-5.379642123334045234e-01 2.566018091450117389e-02
-3.870965963974823953e-01 7.882056936336774289e-01
1.748761724850116384e-01 5.996330731952326243e-01
-5.939335134792773641e-01 7.615979544160731418e-01
-4.532875339376836177e-01 -9.979105524662785776e-01
-2.938115096757696332e-01 -8.989787865993092986e-01
-8.442788068016742198e-01 -6.644164433855894725e-01
7.333740157511565716e-01 -5.493006703930960466e-01
7.740326869349645200e-02 9.115962648174926741e-01
9.829974984381164571e-01 9.104340530894921013e-01
2.086568731747282524e-01 -2.510734350402223924e-01
-8.164303277121625069e-01 8.925208253725147589e-01
5.632363274275029585e-01 -6.905331177285145561e-01
9.953351428705945469e-01 2.713841954405964429e-01
9.055304661692085144e-01 -2.988908470074447266e-01
-7.953379928480063654e+01 -1.092457960457250721e+02
3.795393826331080689e+00 -1.269591817337993866e-01
5.702826488686218998e-01 8.312033950352257783e-01
7.479122756980161046e-01 4.297865906043778494e-01
-2.689006629724526309e-01 5.859708314857781097e-01
8.791100312963182617e-01 3.633970926415359681e-01
-2.082555192810650624e+01 -8.922786791281698981e+01
4.622272361124434958e+00 -1.341785269957620486e-01
7.887579871835573186e+00 2.060931376530747983e-01
2.757798826299350470e+00 -3.053786687687605195e-01
-3.250348595941165986e-01 3.522705147190312580e-01
-7.445304111835140404e-01 8.518296259248738789e-01
8.719314888326068491e-02 -8.914883147988261758e-01
-7.419855656350233808e-01 1.073676418657834031e-01
7.543321719145760440e+00 -8.544422853446358435e-01
5.097193452836366490e+00 -8.290675798978433875e+00
5.180086587992439817e+00 3.666831678376414327e-01
5.333804439535317243e+00 -8.665783372392450445e+00
-2.602781815330819093e-01 -2.502755617009673195e-01
-9.730125980870034663e-01 -4.725460824943672478e-01
8.537962018965377098e-01 -6.501119742209187091e-01
6.051485287008640412e+00 -1.589326922312324086e-01
5.868902823239290356e+00 -1.842481402402487234e+01
4.459334787728312932e+00 -1.603139833463453900e-01
-9.206240000583039151e-01 9.791610504214778299e-01
1.728231665842441256e-01 -4.451379643356834226e-01
-3.172059401847016069e-01 -1.506304806851128664e-01
-1.150770791399544635e-01 -4.860894168337817067e-01
1.937230781844074823e-01 -2.068767960479291901e-01
4.361936230221779454e+00 -2.192375845019234326e-01
-2.139172979506340777e-01 8.180226025889976160e-01
6.807870995296385619e-01 1.042643041601134524e-01
2.576876107955481388e-01 7.944567500984465180e-01
3.467210729162517602e-01 -6.481840123552078392e-01
4.731703665832258654e-01 -2.561580034591615096e-02
4.354064703484816778e-01 8.545909394613775412e-01
-1.727979559096539219e+02 -4.923294713368014897e+01
-1.103082345902853234e+01 -4.311876849605066297e+01
-9.927623688249120892e-01 -4.785571820294172163e-01
3.192427303462537225e-01 4.796923947927556053e-01
5.435593891320216198e-01 -7.150838171498059559e-01
-6.632776505237003573e-01 6.580590566230817284e-01
-4.540944221500281941e+01 -1.061145393998741895e+02
5.095409062665666511e+00 -4.823588019894821599e+01
9.993318902956602301e+00 -1.815351670125273742e+01
-8.245304974049945113e-01 4.864647929953458849e+00
6.601106918293850878e-01 4.408079568951341898e-01
-7.518670125794248982e-01 3.075536348684737575e-02
-1.297095644657349212e+01 -3.541623444584606517e+01
5.680357412765054903e+00 -4.094655870176134016e+01
9.999999999999978684e+00 9.984041352590264040e+00
8.540696113468030148e+00 9.999999999999978684e+00
5.419594227956396892e+00 7.687607265536660961e+00
-7.865493103553285792e+00 9.952111447462645089e+00
-4.125540250227093253e-01 -1.364005559081231667e-01
3.310544142018378100e+00 9.832829824852606038e+00
3.416444214017553715e+00 9.999999999999978684e+00
-3.894614516771532031e+00 9.999999999999978684e+00
-5.145233381195945199e+00 7.068590006578103768e+00
-3.081053173255859434e+01 9.276834185695690849e+00
6.471677388632808281e-01 -9.764653138711998359e-02
1.881221947146605178e-01 -1.302478639982036501e-01
-3.003614921945663152e-01 4.223175780583152239e+00
-1.384552022825141560e+00 8.138414705873660893e+00
-7.051525713053409916e+00 -5.642921264534772163e+00
-5.103246492162805126e+00 -1.601669268968465190e+02
-6.749768964609959010e-01 4.051824226462676926e-01
2.572282770303506716e-01 -9.628246039110610610e-01
-1.219653828633160408e-02 -7.188131844890195410e-01
-6.836606674101572967e-01 7.137222108938012788e-02
-1.202963523686517711e-01 6.993723676139924628e-01
-6.567340352732021813e+01 -1.082867517487479461e+02
-9.851692440980414744e+01 -2.100767202104408682e+01
-4.611733867138177345e+00 2.346987403972222719e+00
7.579835684257392181e-01 -4.793765265559701838e-02
-5.324768427081858491e-01 5.243504042251290187e-02
-3.219201717019075648e-01 7.163541129770236715e-01
8.860710270772811370e-01 2.818772958224136094e-01
-1.883594680700079209e+02 -2.196161807204160610e+01
-1.588365710406772280e+02 1.932228986121724557e+00
-8.796994274006461723e+00 9.998715659961572300e+00
9.866982889428108638e-01 -6.180302569762288201e-01
-3.859079455701619477e-01 7.478491836501921508e-01
-6.807142531718499701e-01 7.488652769310071289e-01
-1.670217171891593466e+02 -5.479381914175533552e+00
-4.589280536712615088e+01 2.106059516691341393e+00
9.995994336781553358e+00 9.999999999999978684e+00
-2.508984939544578552e+01 9.999999999832677844e+00
-4.918025269641772557e-01 6.159879969269161926e+00
-2.069554986918939221e+01 7.069853733931635631e+00
-3.810260494105439655e-01 7.526074997840806802e+00
-5.472622640219598544e+00 9.744769494306961377e+00
-4.209531885461802680e+00 9.999999999988752108e+00
-1.546514215617332688e+01 9.999999992574156948e+00
-8.170477825626259971e+01 -3.806551009471158320e+00
-2.105024106493706597e+02 -1.649177131136136154e+01
-7.450647782047092882e-02 -9.346032942608062388e-01
1.322693386327378207e-02 -9.347193960123705292e-01
-1.401916743145310562e-01 5.366115505153636889e-01
-1.730956030308146154e+01 7.054089541176026046e+00
-3.682343907936546401e+01 1.916508445848934539e+00
-1.920617855089374757e+02 -5.598013663436686471e+01
-7.062668801628557702e-01 -6.160880496887961577e-01
1.601725792670769533e-01 -6.344962619452638730e-01
-9.650248054472048143e-01 5.258992836692899520e-01
7.020471935215666370e-02 3.362657397590027575e-01
-3.609907209060695621e+00 -5.912902588774846535e-01
-1.285494042126890157e+01 -4.452527938879156011e+01
4.652291891340754049e-01 -9.240616603877249702e-01
-7.255669977410605931e-02 -4.323608724632215239e-01
-4.827709978883312214e-01 4.528785842640823400e-01
1.677714723520340456e-01 -2.884954325860551450e-01
4.441452183534528864e-01 -4.376046504278068294e-01
4.143149655641544804e-01 5.509865756478504739e-01
-2.568869383227612389e+02 -2.222691549012837697e+02
-1.838896255134727937e+02 -1.918084265063687894e+02
-4.601967147362842070e+00 -9.897842101746223697e-01
-9.632451340968180009e-01 4.251770224881474824e-01
-2.326029045559800945e-01 -5.720406416406422778e-01
-1.553389251459893483e-01 6.498372634617193278e-01
-1.983552276880723184e+02 -1.090183913190926859e+02
-4.261382918806692999e+01 8.590417891931160455e+00
-1.127362652843992379e+02 -1.480270923738700617e+02
-3.950186443815892545e+01 -1.088399334860090661e+01
-9.655265448901826364e-01 3.059307619898448127e-01
-3.054370412844558125e-01 5.917777604316338813e-01
-9.702208080912045673e+00 9.089016752302511160e-01
-9.695715132685226934e+01 9.165593699487295964e+00
-1.851399533771500217e+02 1.685777196978622383e+00
-1.081976456147338581e+02 6.378891040943749147e+00
-1.111775676748067951e+02 -1.500918325569478498e+02
-3.392898666500998388e+02 -3.093906075316244824e+02
-5.424837854442525753e-01 -5.968231791038991485e-01
1.559098607748654608e-02 -7.699782260527523459e-01
-6.624075895296082095e-01 5.679087934977149477e-01
-8.799200553145782422e+00 3.666440175969545301e+00
-2.354454124661857577e+02 -9.531552613144179986e+01
-2.174670007542578958e+02 -4.593730236325383487e+01
-5.567421796342379992e-01 -5.269840508001204515e-01
-4.022434275975304008e-01 -1.812750757118448686e-01
4.655870006739279976e-01 2.320937377666674184e-01
-9.520170330396975356e-01 4.083628183225731512e-01
-7.281862065592275002e-01 6.788755936907038269e-01
-1.438524926317535346e+02 -1.139479580830291496e+02
-8.242009923427768836e-01 4.500176869448129224e-01
2.125123528844283793e-01 5.948849884803477650e-01
4.135680585286332089e-01 8.475264493484184758e-01
-8.865070318448142750e-02 -8.521243179730921824e-01
8.835102152486187244e-01 -9.260565879827247215e-01
1.816100575198742462e-02 3.354850880241189159e-02
2.058657982211569148e-01 1.857439509502754049e-01
7.553040810680533568e-01 4.341641708560797230e-01
9.482662009929601066e-01 9.287702223008844626e-01
2.984452421580721104e-01 -4.399182774251404471e-01
7.094384654908865162e-01 -3.051370038540008878e-01
-5.916705279293796860e-01 6.940022018679627980e-01
-9.384321218626163752e-01 6.203160423205051899e-01
7.643303410144643983e-01 -3.115515624761848734e-01
6.401611172094225921e-01 -1.500957891034033764e-01
4.450131700613089158e-01 -7.406021403839990747e-02
6.538166801940867856e-01 -6.524333778027209263e-01
1.513425897938724951e-01 -7.241058623647256276e-02
4.260422438935429490e-02 8.861695356499383891e-01
-2.899750552823168182e-01 4.913632356875394791e-01
1.013937286934485371e-01 -9.095834790993524432e-01
-7.293241047254479525e-01 6.361091160392815524e-01
-5.726766899171973346e-01 -7.015187756533556307e-01
-3.399961278341436799e-01 8.341001930967664180e-01
-7.427785294310895736e-01 -2.850978130381489617e-01
-8.163679399750674026e-01 9.975666982984643383e-02
-5.443271997245116012e-01 -3.157445464273433977e-02
3.025503613489131105e-01 8.793203247584275850e-01
-7.000761493363030219e-01 2.095914920637440559e-01
-2.052396361926089874e-01 7.746067845300184107e-01
5.503278579592898456e-01 1.013403186544141743e-01
8.417334936567639758e-01 -2.087257491158767131e-01
5.819269540405391794e-01 -7.418979234139566614e-01
7.451208114392302573e-01 3.057415683157398423e-01
2.999810388837365061e-02 -5.891354943254547560e-01
-6.597820941999528177e-01 -5.949052140228674457e-01
-3.394563183062373479e-01 2.847533457047684013e-01
-1.644043317358458989e-01 -4.019116350594351683e-01
3.496956762582108524e-01 -2.263789304114778300e-01
9.787548337510316721e-01 2.585209296533974577e-01
-9.722290059659879358e-01 -4.090917103273077338e-01
7.623319931330727606e-01 6.238089902848908963e-03
-6.579474355880885472e-01 -3.607255083821956365e-01
6.485809042377947975e-01 5.654255293130217019e-01
8.097993506795591045e-01 8.497585562271030568e-01
5.953711430798125370e-01 -8.856545246126705795e-01
-3.854022152342821972e-01 4.116606548655405984e-01
-5.626267014251620235e-01 6.226549810245820549e-01
-4.996055540588579813e-01 -1.064177352860862236e-01
4.870278656367124093e-01 -7.882681254632102341e-01
-1.944009999951101797e-01 -9.637590585832991330e-01
6.521221401215584468e-01 2.866498759632893911e-01
4.251935258909258497e-01 8.450861420515143330e-01
7.865436319520004993e-01 5.220796107648779660e-01
-5.615489360934704521e-01 3.389459888267234433e-01
-8.732589902784293479e-02 -3.992565504992722225e-01
-7.109411039236923635e-01 -1.997322433565345001e-01
-2.130892401411710324e-02 3.489977450730870068e-01
-9.704262978748965374e-01 -7.861843785494659897e-01
-5.279837648428147290e-01 5.117883343683546915e-01
-1.059114790151571839e-01 8.598034364166746712e-01
-9.419869650125154426e-01 3.332739989352995202e-02
-8.799049699399050795e-01 -4.931242810215483718e-01
-1.812717959306147097e-01 4.231444486796016591e-01
-3.211957451170373012e-01 4.983739045597530559e-01
5.082871568456759359e-01 8.175075536133087351e-01
5.991661770542493493e-01 -6.124670358656003621e-02
1.940074807166172199e-01 -2.871223468507100307e-01
-9.543027974455757789e-01 6.956199492625867453e-01
6.202077056366976926e-01 -7.411373811116486188e-01
2.389542001347235711e-01 1.649047816794484422e-01
2.829729872564246129e-02 1.815637656372979247e-01
-3.511133949499839702e+01 -3.740932173944892725e+01
-5.301545002787353411e+00 2.783442024618387745e-01
1.292818497311876591e+00 -7.456859388914289788e-01
5.067639884417487472e-01 -9.802593198247839812e-01
-9.469601993776135540e-01 -4.113058276428214199e-01
5.624405332024418058e-01 8.445414375880904156e-01
8.940517290765144232e-01 -6.662385233417604802e-01
-7.989211450130020431e-01 -4.700051751473341977e-01
8.552665034163677404e+00 6.158649154450894780e-01
-9.470921363365709666e-01 6.453832873907858314e+00
-4.517621741703212734e-01 -9.212453520739316559e-02
8.555958583436351628e-01 -2.898617326452137544e-01
-7.293465395443459176e-01 5.481450578297797360e-01
-4.801462813997698920e-01 -6.152438268697968393e-01
-9.089205460679639081e-02 8.553056487929147078e-01
5.532541441342644362e+00 -7.254460296762099691e-01
3.787539767481586939e+00 -6.538281127656724312e-01
-5.523536855512933830e-01 2.618127559408290672e+00
-3.741041590613725099e-02 3.558602778240800291e-01
5.517419830517282797e-01 5.891236294994319778e-01
-6.439197314537221661e-01 -7.695515291838281868e-01
-2.026315106420288892e-01 2.024478534511811034e-01
-8.342257456263701965e-01 6.293925658329809103e+00
-9.653222108213297759e+01 -2.320741607029968012e-01
1.825628314125826712e-01 -4.447657720951536664e-01
-9.478489108811318786e-01 -2.471517515437773316e-01
-3.066813934514478479e-01 9.464316362663665050e-01
-6.304862837276208332e-01 3.816821043424771798e-01
4.600743499862047781e-01 7.883842235582525504e-01
7.969726427087664433e-01 -7.066137255841160592e-01
4.488329075385033562e-01 1.987433392625512774e-01
-4.889008105194569964e-02 -6.289480597703935860e-01
-2.129676005352854062e-03 -2.777052389597682858e-01
1.822157338473677779e-01 -8.162151180918750804e-01
-1.674932696601993953e-01 -4.504802935763798644e-01
-5.572669332719391022e-01 -2.222166690742899409e-01
-1.104422185806685661e+02 -8.329438612653738971e+01
-3.602410787342634535e+01 -5.513656044819158275e+00
7.062715846502685579e+00 4.605051030768305687e-01
6.909730652025183328e-01 -5.108892692359507937e-01
4.526410027209633036e-01 3.707468547059382669e-01
-4.151774212189278668e-01 1.180128012292309680e-01
-1.082128453218839041e+02 -1.335848568880881615e+01
-1.927275278756515675e+01 6.008033090804385523e+00
-6.385215399342101250e+01 9.887428497897872148e+00
5.521292445598882104e+00 -2.213670407323438116e-01
2.651910437289266120e+00 -3.233707576384801108e-01
7.021036059342136149e-01 5.454160684814912674e-01
-3.355583665335701227e+01 -1.218251777054030427e+01
3.787575658995524286e+00 6.342776327700042849e+00
-7.273152793602002930e+01 9.999999999999978684e+00
-1.158035473209000088e+01 9.604930641513409029e+00
-1.609815368941685065e+01 8.530796448412010236e+00
-2.504347212681692270e+01 -2.236312992865602922e+00
-7.269125752058192003e-01 -5.579643185624247881e-01
-5.867706301230435351e-02 3.990334149197467539e-01
1.591978268981293576e+00 2.193087658662526973e-01
-6.989488105740678137e+00 9.364957460191131844e+00
-7.106348153547977553e+00 5.237432812078880673e+00
-1.789114802765016066e+01 -1.404841249174761231e+02
4.867233808547055673e-01 5.484032933359828110e-01
8.265203202359909795e-01 1.031363844986454836e-02
-1.826961435090215247e-01 1.622643452588481416e-01
-1.009771926352671656e-01 -2.120403468376295120e-01
-2.263799788598432894e-01 2.795198640213580887e-02
-1.549664327393947971e+01 -1.729849269424720859e+01
1.670371585640848533e-01 -4.960568329917678376e-01
5.044856190867741397e-01 -3.856577069660585000e-01
2.530727387851103849e-01 3.368990962796571953e-01
9.586690374782480539e-02 9.535025526306053489e-01
-3.112732644682243421e-01 3.034027948178503742e-01
9.858059119414062099e-01 9.912598113670885169e-01
-1.030478518797689418e+02 -2.286058290627957135e+01
-1.333830022862845510e+02 -7.235603824475494328e+00
2.845030976183704929e+00 -3.221947030145169144e-01
4.692431119818716301e-01 2.627973561974070726e-01
-6.911810889317193674e-01 -9.023020582732299566e-02
-9.452085135749337397e-01 1.159297222273703021e-01
-1.624249149647154127e+02 -1.745370538193530408e+01
-1.361667064927130468e+02 3.451531619018261665e+00
-1.824769733022471030e+01 9.969882084883746387e+00
-4.084173448440053811e-02 1.858285243529147479e-01
1.495073155719682356e+00 -8.491156015757923559e-01
-2.671852328312795954e-02 8.928905679301688547e-01
-4.550462867062175576e+01 -2.509857931848428336e+01
-5.919200874711548721e+01 3.323040340622091637e+00
-1.289476351652515405e+02 9.999999999999978684e+00
-8.488648583939166770e+01 -1.492025587928157222e+02
-4.859282151051160525e+01 8.758690381893252663e+00
-1.814761368179001124e+02 -9.416699533892174401e+00
-6.383977460628358358e-01 -8.750759365618507868e-01
3.122005433957139697e+00 -9.149775344011283895e-01
-2.039814710217733307e+00 -4.331221779491473001e+01
-7.554154248622083401e+01 6.555266607172074877e+00
-1.206936694753027339e+01 -9.408865851577874651e+01
-1.671546652578055046e+02 -2.414686669878327052e+01
8.313753418912728232e-01 5.721842674141817131e-01
-9.762341228927087222e-01 5.873366994910937944e-01
-5.663843947334279427e-02 9.472709062649495859e-01
3.569995568953654441e-01 5.444214727184926161e-01
-7.583774550018607385e+01 -1.148037689084708290e+02
-6.577350121011591000e+01 -3.445027540467395966e+01
5.401599919404720396e-02 -6.383058086397952469e-01
-6.097270356402628710e-01 1.843310814715004575e-01
-9.201164330362410215e-01 5.630192222062444518e-01
-8.080529438549068910e-01 8.436027133937693545e-01
-3.919445925039486411e-01 9.681500523608106423e-01
9.549244527169915564e-01 -5.651085165030194091e-01
-2.651748037854592894e+02 6.973823725697567699e-01
-6.585059854899273368e-01 3.815378048174455916e-01
-4.787421340245046064e-01 8.861290083726096611e-01
3.622278195555381775e-01 -3.129070498850272664e-01
-8.611762084259917405e-01 -3.564430930528803554e-01
7.550979708195380002e-01 -4.035539342142624442e-02
-3.771490711663224147e+02 -1.748622648170442346e+02
-4.004514938115308382e+02 -2.224739337167481210e+02
-8.667599620435873931e+01 -2.020074774969870077e+02
-3.004748244470831775e-01 -5.748728584447060364e-01
6.088727398491164955e-01 -3.206934500437099711e-01
-8.155836818621677864e-01 -1.825083502796844837e-01
-1.983861430672874633e+02 -1.735707603487608992e+02
-2.046547484563007799e+02 -1.237361954080154050e+02
-4.578520757642459102e+02 -2.039558017211709569e+02
-2.161239330182953609e+02 -4.741028463071486954e+01
-8.396677846102531539e-01 -2.318869439980888458e-01
-3.179209725080838780e+02 -2.815948232235751902e+02
3.243524447773595831e-01 -6.673852586230923922e-01
-2.056092410087991951e+01 -3.172677654133730929e-01
-1.000275627296841918e+02 -9.817048758133450903e+00
-1.464691495216262069e+02 -6.665341512441570160e+01
-2.773088166006929214e+02 -2.272053980357883347e+02
-4.794733289815266062e+02 -2.393680069128281502e+02
-7.959348996501653950e-01 8.544480457951673102e-01
-9.085591872448979256e-01 5.742106084985745262e-01
5.749513538148669500e-01 -4.443330897937916024e-01
-8.628528074582593188e-01 -9.970373298169661780e+01
-2.209449355981317922e+02 -7.316210627586880832e+01
-2.397910678063092860e+02 -1.773265348737338059e+02
7.370891778687191920e-01 2.455746883711826811e-01
-2.094464732857965750e-01 -7.229568551880147798e-01
6.006388213074322913e-01 -2.508285902116147437e-01
-1.794664675896724404e-01 -2.702671769012696679e-01
-5.704963606322517311e-01 3.377716131209247408e-01
-1.524165482639407987e-01 -7.291973403145519672e-01
5.876781673768727288e-02 5.494910270577897382e-01
1.667311956518016114e-01 -7.173720678622113045e-01
-7.966472920470530905e-01 7.536014161470627748e-01
2.843565113437587222e-01 -1.591999007056990045e-01
1.539891821760794866e-01 9.640712397644013443e-02
-3.974249006476462398e-01 -9.006798729883171983e-01
7.562413413883664060e-01 4.470470188039032955e-02
6.903261635211779268e-01 -2.211876189458281683e-01
-2.330095396647133832e-01 -5.129725843828809584e-01
6.370226729480330530e-01 7.751747990953437029e-01
-2.194636081562451047e-01 9.516559239631570133e-01
-6.847470150694998647e-01 -2.489333498334103112e-01
9.007288627313769780e-02 8.517373034323894032e-01
-7.904973856621695383e-01 -3.909592092499276639e-01
-9.847122665737646496e-01 -9.421582446249814335e-01
7.562064519549052122e-01 3.646879297263696529e-01
-3.231586214096977550e-01 2.115008320329849756e-01
9.276426522351495230e-01 1.894546249537034655e-01
1.566937922456117516e-01 8.497942544080538951e-02
1.934105545360880196e-01 4.954703543379503916e-01
3.470463022703937916e-01 7.983123264675437980e-01
-1.341085316758148238e-01 -1.878478347964285256e-01
-7.408706575995860355e-02 -1.808859283655768202e-01
2.203923874712836461e-01 8.557478372755913387e-01
5.359871654630345983e-01 -3.863436132646795862e-01
-5.537600907903124092e-01 4.507473319323986871e-01
-4.554835774670586979e-01 -5.045634868591306610e-01
7.178407185987973893e-01 4.271178889527340594e-01
1.851576361385445235e-01 2.207028923874239101e-01
-8.390142027910725275e-01 -4.173202268704943041e-01
9.078029525117645715e-01 -8.871835930008256099e-01
9.058420690074009407e-01 1.263548050624399011e-01
9.013338082996174006e-01 8.570277736352387432e-01
-1.168183574014360904e-01 6.860176903080654753e-01
-3.961440120881691840e-01 3.887391603553784769e-01
7.915026464967651609e-01 8.320109191426838802e-01
1.608945403473707181e-01 -4.904641266317881776e-01
9.764939481462842075e-02 -3.322642730313993820e-01
9.785013544531258045e-01 -3.718015724012582179e-01
-7.087372951273687161e-01 5.656867227121966657e-01
-6.221283779522148727e-01 5.630919880128562038e-01
-9.425383705031831205e-02 3.689160336488539471e-01
6.890386224825726380e-01 7.163503628411374002e-01
3.183153574350470194e-01 1.550161015273703313e-01
2.367415223299229599e-01 -2.017347986158670725e-01
-4.045747399944898959e-02 7.091598028663315123e-01
3.729349958355141492e-01 -1.230455086426140987e-01
1.596217061188125452e-01 9.997108551063569326e-01
-8.784792003438244290e-01 3.991880569354380182e-01
2.546881603941499872e-01 -6.457955231524170614e-02
-4.692542915289930061e-01 -7.801850470966773532e-01
-9.373637553767357744e-01 9.383727516341398012e-01
-9.529466652006592930e-01 6.588495017007018895e-01
4.811397521447400294e-01 1.896896722372409805e-01
9.129133210310891311e-01 9.908495705875040027e-01
-9.244043368533925165e-01 4.737285875313290706e-01
-2.018927406548214343e-01 -7.128049272022964900e-01
-5.004185483545280366e-01 -3.475401128180302113e-01
8.982264602222267413e-02 7.052697406954622217e-02
9.913553191525050767e-01 9.521006982417605791e-01
-6.811280491930813419e-01 4.708059360954826023e-01
-3.931709235916982514e-01 4.688590556976681700e-01
-9.510755885647668162e-01 -8.193325607841490665e-01
1.879362861808038243e-01 -6.528413927163927433e-01
6.639482352779719765e-01 -4.063262244437468862e-01
-4.666050523299953845e-01 -2.689838285880066238e-01
-5.507562636750191754e-01 -7.211308776598770454e-01
-9.509400215636070186e-01 6.103118318436053791e-01
-2.042624650998459135e-01 8.648492433462398044e-01
-9.228460956991575426e-01 9.582671126588833133e-01
8.440734275494152783e-01 9.647703843654440448e-01
6.896063287913629658e-01 -4.941478561024339466e-01
4.619084675543143614e-01 -3.721263045076230735e-01
8.694728918108527438e-01 7.298243553703160913e-01
4.311469915773364914e-01 1.227100229936728404e-02
8.331652288925930350e-01 9.852776183727121051e-01
-9.065688478057318811e-01 -1.622508390861396865e-01
-9.528099102108276153e-01 -9.087541337652853546e-01
-6.814481357677104612e-01 1.691806350077031951e-01
-6.786055852842842739e-02 7.731499988087162656e-01
6.328994910768710458e-01 9.774745974451883868e-01
-3.465880773733092113e-01 -1.099315032550658433e-01
3.666440323595514528e-01 8.552112251421124522e-01
6.411706593452759506e-01 9.231069038711654517e-01
2.867030001190489230e-01 6.912954816798715374e-01
-2.237015089053850936e-01 -5.738262080930116582e-01
5.885386362490578893e-01 -4.644639265585670529e-02
-9.135270222785851768e-01 1.139326192900644852e-01
1.718249013657386914e-01 9.676116980957070179e-01
1.135048674697902715e-01 4.843507655726275729e-01
4.164364533017808068e-01 6.278387165912651113e-01
-6.887814914578480607e-01 6.748399258303925397e-01
1.434556842343071015e-01 -2.790416395823551721e-01
-8.246835428252963229e-01 -1.542612563443195306e-01
-4.838532901650598461e-01 1.153981626582774034e-01
6.270201794579537413e-01 -4.940282981656851646e-02
-3.713821960258434363e-01 1.518796219020079885e-01
-9.704172123166241448e-01 -6.442177493877099259e-02
-5.893404025926820555e-01 2.485396887268098709e-01
-7.509583059524373994e-01 -1.069173811391228579e-01
4.784054467593135129e-01 7.316004847222012941e-02
-1.608157578261038001e-01 -7.125950440899981864e-01
-1.969081224813205022e-01 -4.179313020071844242e-01
-6.333469594240390688e-01 -2.575148256675199310e-01
-8.555099675329413955e-03 2.297193839322537734e-01
5.397963613566343355e-01 5.169960843604581857e-01
9.800693777675655305e-01 4.454916480492041586e-01
2.702543303730915447e-01 -9.228871767944171189e-01
-2.807110209101131559e+01 -1.685971149030165606e+01
-7.683971568903746174e+01 -1.143219452742425091e+01
-1.800851666220666392e-01 -2.916275710985568370e+00
-1.506634087052383997e+01 1.446764996549898541e-02
-7.623612598120652617e-01 -8.230430467510445602e-01
-9.364650867866033401e-01 -4.804225926428797866e-01
-7.627866435940233725e-01 7.555687471600041061e-01
-5.940253829680337105e+00 -5.640099180712338267e+01
3.469889589136077035e-03 8.921509246891861977e+00
6.143524853708551170e+00 -9.451833696576281696e-01
-8.932087083801143468e-01 2.204934454393338683e+00
9.494228868995752135e-01 2.528579618027930742e-01
9.965242456330192233e-01 7.176778571804804940e-01
1.717062420546033863e-03 -8.390451663755609246e-01
-6.090959387549714776e+00 -1.914235945274251893e-01
1.938952620581850805e-01 -5.939130040739826200e-01
-5.927927799951662191e-01 6.005008024569007397e+00
-7.275938144681941555e-01 -1.965825927580931110e+00
-4.186180990859089679e-01 3.324856604562289597e-01
-6.185432950620086689e-01 8.903503348141825757e-01
2.597650680263341449e-01 -2.486458516748268899e-02
5.875454514907507697e-01 3.689873690135194728e-01
-2.691732789725564956e-03 -6.732835228340139366e-01
-8.502076023655023107e+01 -8.659533177348459176e+00
3.948662501125399515e-01 -8.969040433398622891e-01
4.450438489863550728e-02 -4.392616014862893437e-01
-6.571818130453899176e-01 8.826005501796645447e-01
-7.409185225160965782e-01 -5.159403340433081908e-01
-8.589933287951492247e-01 -3.136624533789342806e-01
-5.210385563614388094e-01 8.563581084455451631e-01
5.122556965030915510e-01 -2.282177718840183722e-01
-7.854213028889929227e-01 3.792492657389334720e-01
-6.406518402152989733e-01 -3.363398296823347788e-01
5.900223618439426332e-02 9.108413180166650136e-01
-5.802582820480857162e-01 5.091976470362180596e-01
2.126754168910884868e-01 -7.226868049405841266e-01
-2.643492585867081743e+02 -1.682721983736917082e+02
-2.270770920344135106e+02 -3.429577207421909435e+01
-1.064901637877576093e+02 -5.152058496153843237e+01
7.778351045238451889e-01 6.979109072031783878e-01
-3.314695424725138118e-01 1.290180511821210185e+00
8.554117686896995920e-01 -5.589959479632380379e-01
-2.190362055662997989e+02 -1.648516647682606049e+02
-8.108281529250682240e+01 -1.672213117569224323e+02
-1.811243001315772858e+02 -7.924613374921038655e+01
3.011465450858560100e+00 -7.849501432609387042e-01
1.854065018726211767e+00 -6.211176311136143990e-01
1.572560127087345272e+00 -3.114663603960039495e-01
7.178732912634453456e-01 2.843294670719216377e-01
-4.118135804779754494e-01 3.990673526886698852e+00
-2.073366226575782605e+02 -8.759825579515022298e+01
-7.361785266019569463e+01 -2.192303258725139585e+02
-1.438324048331013216e+02 -1.185546667215073882e+02
-2.555881440565716503e+02 -1.050608907089013826e+02
-2.470645317025055299e-02 8.323172812285533073e-01
8.310813145257087697e-01 3.829963731409362637e-01
5.683242177532132899e-04 9.204569196003253850e-02
-2.544860460012090542e+01 -4.436994951678236987e+01
-3.626663205832880976e+01 -1.065103513331722382e+02
-4.371861200884794840e+01 -2.531233911011543114e+01
8.584537557020788245e-01 7.964247248925815370e-02
9.394402053332047142e-01 5.877705560790991157e-02
-8.740740041300523178e-01 -4.888244338394760469e-01
6.627197634954162808e-02 -3.763078538292627950e-01
1.222337040860526081e-01 9.717539951999203396e-01
-4.449251512866591440e+01 -8.122808535259180118e+00
-1.998101799449636395e-02 -5.036550541031328265e-01
-4.805717698754310430e-01 -1.294608533556984575e-01
-2.458329446765961102e-02 -8.064419637835844590e-01
7.805941960371065580e-01 -8.506991050090162432e-01
9.096946730525561353e-01 -5.056281395775017451e-01
4.006695993264388633e-01 9.606815147713658742e-01
-3.695114574036102226e+02 -4.354612899726863020e+02
-4.492257264474635576e+02 -4.371262952943404798e+02
-2.794747445405343456e+02 -1.946232757922434189e+02
3.955634303648811745e-01 6.268394013228575368e-01
-8.469932372083150973e-01 -9.953916044352199322e+01
3.818177153662984935e-01 -4.798161663487112705e-01
-4.126590173185510366e+02 -4.070985542550131981e+02
-3.832209520250169135e+02 -3.218800936143447302e+02
-3.695043633162930519e+02 -4.469793781942354371e+02
-9.889556995735300404e+01 -2.937033410537191571e+02
-3.900644642100647985e-02 3.151415274031419411e-01
-9.948563451481577147e+01 -1.937612461550344563e+02
-9.862918093765213712e+01 -1.097348919139098626e+02
5.390404155853167900e-02 -7.426974858133053026e-01
-5.044802752793210630e+02 -4.342244280038487432e+02
-3.707291448878298752e+02 -3.219489504940056577e+02
-1.003084451160856077e+02 -9.918573348710150128e+01
-5.147729729128574263e+02 -4.663741816982939099e+02
-1.759650606020370933e-01 -2.923723115873744227e-01
-3.834931010306270593e-01 -3.496993336032436783e-01
3.390401431272760391e-01 -1.752786882032471016e-01
-9.948126605861705229e+01 -1.215550403221745199e+02
-2.744117711799888184e+02 -3.203565592045724770e+02
-4.338951763124151739e+02 -3.557063383150638174e+02
7.530265252788821417e-01 4.033151803578722827e-01
3.031215444804116199e-01 4.021903564616362559e-01
9.791956934708199167e-01 7.099858478164478015e-01
3.937609573574123445e-01 -1.634879804691595773e-01
3.060748396691497231e-01 -3.911071172837843335e-03
-1.438242663384743878e+02 -1.940762686316430461e+02
-4.665486340967748280e-01 -1.086181629247096048e-01
8.274050708547329158e-01 3.332593025496064509e-01
-6.792329704162729520e-01 4.064973272684140326e-01
2.631343791395128751e-01 -9.961213206333567882e-01
-6.740686381562974727e-01 8.767089037915041239e-01
-1.606206028180379164e-02 -4.187163099188642157e-01
3.799546392141044393e-01 -1.296245703825154028e-01
-4.679628964882551756e-01 9.463067161303333474e-01
-5.767358056226501439e-01 -1.895752226151257158e-01
-6.539070580418673284e-01 -4.050951076536257744e-02
-2.925721847694033873e-01 -9.596451206349663199e-01
1.686849842634405849e-01 1.004832193274876051e-01
-7.713001582763314712e-01 6.498362806442841144e-01
-9.636196797287759352e-01 5.240806394560806325e-01
8.200639964358962253e-01 7.753410299174949838e-01
-1.605055418578826831e-01 5.904968304730748851e-01
-6.260902534815764309e-01 9.175117947093778259e-01
-4.315556270438347664e-01 1.472096114871308536e-01
6.145441575760863806e-01 5.632245999335918629e-01
6.053143648010284039e-02 6.680747484411500015e-01
-3.187917630180776563e-01 5.503676392924850003e-01
8.254760472168471974e-01 -2.224968053897016240e-01
1.666695814064480530e-01 -6.099848302313934933e-01
-6.511290427345364229e-01 -3.222763409195332773e-01
-8.009201814759814297e-01 -9.030343998312100329e-01
4.351023277550030155e-01 8.060589617978277666e-01
-9.340188520971595132e-01 -7.411294019094554208e-01
6.121628143243076359e-01 8.293832435892913857e-01
-2.699981552287495923e-01 2.553093230048164575e-01
6.543952141720061899e-01 5.063848439796396761e-01
6.271434479134585516e-03 6.057197052311968921e-01
4.186788638398497575e-02 -7.233041803439059780e-01
-2.362009253133980913e-01 4.614605557812456738e-03
5.967455965668027051e-01 6.731383519029949802e-01
8.788204534562464865e-01 1.167912193880054073e-01
-3.563036007109434689e-01 -2.764196148340876125e-01
8.843155332848595673e-01 6.924511309502225931e-01
7.943504652489790097e-01 5.178206097729247670e-01
-9.983257958074343019e-01 6.644750253028752773e-02
-1.272822613474242637e-01 -1.414844318589703054e-01
-6.386516079607882368e-01 6.517781148627810328e-01
2.976571294047687388e-01 -6.205878739105383790e-01
